  single point
          a_z0   -1.1669106000000000E-02     1.000000         0.000000    
          a_z1   -3.1789768999999999E-03     1.000000         0.000000    
          a_z2    8.0000000000000002E-03     1.000000         0.000000    
          a_z3   -7.9947734000000003E-03     1.000000         0.000000    
          a_z4   -8.3490443000000004E-03     1.000000         0.000000    
          a_z5   -1.1160171000000000E-02     1.000000         0.000000    
          a_z6   -1.5525234000000000E-03     1.000000         0.000000    
          a_z7   -5.8645117999999996E-03     1.000000         0.000000    
       pp_0000     29.96672600000000         1.000000         0.000000    
       pp_0001     29.79968100000000         1.000000         0.000000    
       pp_0002     29.49007800000000         1.000000         0.000000    
       pp_0003     30.01868100000000         1.000000         0.000000    
       pp_0004     30.22555600000000         1.000000         0.000000    
       pp_0005     29.96951700000000         1.000000         0.000000    
       pp_0006     29.96556100000000         1.000000         0.000000    
       pp_0007     30.08326400000000         1.000000         0.000000    
       pp_0008     29.87005800000000         1.000000         0.000000    
       pp_0009     29.61762100000000         1.000000         0.000000    
       pp_0010     29.73574000000000         1.000000         0.000000    
       pp_0011     29.84714100000000         1.000000         0.000000    
       pp_0012     29.77136000000000         1.000000         0.000000    
       pp_0013     29.96596300000000         1.000000         0.000000    
       pp_0014     30.41299600000000         1.000000         0.000000    
       pp_0015     30.05139400000000         1.000000         0.000000    
       pp_0016     29.90223300000000         1.000000         0.000000    
       pp_0017     29.89721300000000         1.000000         0.000000    
       pp_0018     29.71800800000000         1.000000         0.000000    
       pp_0019     29.95933800000000         1.000000         0.000000    
       pp_0020     30.10543000000000         1.000000         0.000000    
       pp_0021     29.90904000000000         1.000000         0.000000    
       pp_0022     30.31279900000000         1.000000         0.000000    
       pp_0023     29.82623900000000         1.000000         0.000000    
       pp_0024     29.77602000000000         1.000000         0.000000    
       pp_0025     30.12889400000000         1.000000         0.000000    
       pp_0026     30.01326600000000         1.000000         0.000000    
       pp_0027     30.16763000000000         1.000000         0.000000    
       pp_0028     29.54969700000000         1.000000         0.000000    
       pp_0029     29.94680700000000         1.000000         0.000000    
       pp_0030     30.18624500000000         1.000000         0.000000    
       pp_0031     30.20182800000000         1.000000         0.000000    
       pp_0032     30.24359100000000         1.000000         0.000000    
       pp_0033     29.89653400000000         1.000000         0.000000    
       pp_0034     29.60015000000000         1.000000         0.000000    
       pp_0035     30.09591300000000         1.000000         0.000000    
       pp_0036     30.19879900000000         1.000000         0.000000    
       pp_0037     30.41470800000000         1.000000         0.000000    
       pp_0038     30.25120400000000         1.000000         0.000000    
       pp_0039     29.96254300000000         1.000000         0.000000    
       pp_0040     30.06221900000000         1.000000         0.000000    
       pp_0041     30.07535600000000         1.000000         0.000000    
       pp_0042     30.01721500000000         1.000000         0.000000    
       pp_0043     30.06296200000000         1.000000         0.000000    
       pp_0044     30.32103900000000         1.000000         0.000000    
       pp_0045     30.25477200000000         1.000000         0.000000    
       pp_0046     30.31642600000000         1.000000         0.000000    
       pp_0047     30.02392100000000         1.000000         0.000000    
       pp_0048     29.85397200000000         1.000000         0.000000    
       pp_0049     29.54000500000000         1.000000         0.000000    
       pp_0050     29.62826800000000         1.000000         0.000000    
       pp_0051     29.97556600000000         1.000000         0.000000    
       pp_0052     29.54043600000000         1.000000         0.000000    
       pp_0053     29.43661700000000         1.000000         0.000000    
       pp_0054     29.84962200000000         1.000000         0.000000    
       pp_0055     29.96468900000000         1.000000         0.000000    
       pp_0056     29.99106100000000         1.000000         0.000000    
       pp_0057     30.00545000000000         1.000000         0.000000    
       pp_0058     29.82166200000000         1.000000         0.000000    
       pp_0059     29.46960100000000         1.000000         0.000000    
       pp_0060     29.60035400000000         1.000000         0.000000    
       pp_0061     29.87764600000000         1.000000         0.000000    
       pp_0062     30.20935200000000         1.000000         0.000000    
       pp_0063     30.63583600000000         1.000000         0.000000    
       pp_0064     30.64438900000000         1.000000         0.000000    
       pp_0065     29.67440100000000         1.000000         0.000000    
       pp_0066     29.43553900000000         1.000000         0.000000    
       pp_0067     29.47333000000000         1.000000         0.000000    
       pp_0068     29.87725600000000         1.000000         0.000000    
       pp_0069     30.30992700000000         1.000000         0.000000    
       pp_0070     29.14711900000000         1.000000         0.000000    
       pp_0071     29.23759200000000         1.000000         0.000000    
       pp_0072     30.01769800000000         1.000000         0.000000    
       pp_0073     29.83108500000000         1.000000         0.000000    
       pp_0074     29.95833200000000         1.000000         0.000000    
       pp_0075     29.57631800000000         1.000000         0.000000    
       pp_0076     30.12034000000000         1.000000         0.000000    
       pp_0077     30.78220900000000         1.000000         0.000000    
       pp_0078     30.56196600000000         1.000000         0.000000    
