  single point
          a_z0   -0.6202423900000000         1.000000         0.000000    
          a_z1   -0.9132405700000000         1.000000         0.000000    
          a_z2   -0.3704170600000000         1.000000         0.000000    
          a_z3   -0.4196974400000000         1.000000         0.000000    
          a_z4   -0.4138085700000000         1.000000         0.000000    
          a_z5   -0.5677069900000000         1.000000         0.000000    
          a_z6   -0.4812236800000000         1.000000         0.000000    
          a_z7   -0.7340656600000000         1.000000         0.000000    
       pp_0000     15.06830400000000         1.000000         0.000000    
       pp_0001     26.41108300000000         1.000000         0.000000    
       pp_0002     44.26591100000000         1.000000         0.000000    
       pp_0003     13.26265300000000         1.000000         0.000000    
       pp_0004     30.97817000000000         1.000000         0.000000    
       pp_0005     5.482151600000000         1.000000         0.000000    
       pp_0006     7.248713900000000         1.000000         0.000000    
       pp_0007     25.86528200000000         1.000000         0.000000    
       pp_0008     21.71172500000000         1.000000         0.000000    
       pp_0009     22.12616800000000         1.000000         0.000000    
       pp_0010     11.64585200000000         1.000000         0.000000    
       pp_0011     10.20396400000000         1.000000         0.000000    
       pp_0012     15.60793900000000         1.000000         0.000000    
       pp_0013     17.32643000000000         1.000000         0.000000    
       pp_0014     18.04251100000000         1.000000         0.000000    
       pp_0015     12.63518000000000         1.000000         0.000000    
       pp_0016     8.781400200000000         1.000000         0.000000    
       pp_0017     18.97012500000000         1.000000         0.000000    
       pp_0018     16.82289600000000         1.000000         0.000000    
       pp_0019     30.81703400000000         1.000000         0.000000    
       pp_0020     60.01449300000000         1.000000         0.000000    
       pp_0021     63.86081700000000         1.000000         0.000000    
       pp_0022     15.89215100000000         1.000000         0.000000    
       pp_0023     25.48753200000000         1.000000         0.000000    
       pp_0024     22.23341700000000         1.000000         0.000000    
       pp_0025     1213.133800000000         1.000000         0.000000    
       pp_0026     44.81651400000000         1.000000         0.000000    
       pp_0027     88.92910100000000         1.000000         0.000000    
       pp_0028     61.17152400000000         1.000000         0.000000    
       pp_0029     7.267855900000000         1.000000         0.000000    
       pp_0030     5.904396600000000         1.000000         0.000000    
       pp_0031     10.67466300000000         1.000000         0.000000    
       pp_0032     9.409747500000000         1.000000         0.000000    
       pp_0033     6.532984300000000         1.000000         0.000000    
       pp_0034     12.14575900000000         1.000000         0.000000    
       pp_0035     4.066790400000000         1.000000         0.000000    
       pp_0036     16.86819300000000         1.000000         0.000000    
       pp_0037     33.69579100000000         1.000000         0.000000    
       pp_0038     11.20193900000000         1.000000         0.000000    
       pp_0039     5.145283300000000         1.000000         0.000000    
       pp_0040     160.6172800000000         1.000000         0.000000    
       pp_0041     35.60891100000000         1.000000         0.000000    
       pp_0042     4.399681800000000         1.000000         0.000000    
       pp_0043     12.80353500000000         1.000000         0.000000    
